223789 213163
376989 50329
26375 168366
376989 13813
453850 8
422097 8
99258 50329
184615 364376
184615 364376
184615 364375
92153 60337
75083 84647
75083 42182
364376 184615
442071 26139
163149 2417
33946 2417
10284 33946
10284 2417
3452 10284
325821 8
176481 2417
222533 38224
380338 519
5393 26637
39478 3452
104321 238279
408376 8
4665 92153
325916 325915
325915 325916
247125 463
325916 325915
224480 93318
50219 4665
50219 92153
205864 244881
132827 26139
93269 93306
134554 33946
134554 2417
300856 18038
300856 511
206362 64911
18626 26375
168365 26375
89805 64911
331965 331967
203358 42514
80101 46842
2733 21469
